17
126
198
213
299
302
481
489
509
525
570
586
648
686
698
765
768
826
833
878
961
979
988
994
1003
1007
1008
1038
1081
1086
1102
1107
1139
1139
1142
1161
1207
1260
1311
1356
1366
1367
1378
1394
1399
1423
1433
1434
1441
1471
1532
1534
1573
1630
1668
1690
1714
1731
1732
1790
1824
1855
1861
1932
1957
1994
2110
2122
2202
2227
2268
2427
2565
2566
2664
2690
2690
2698
2706
2731
2737
2776
2957
2962
2975
3086
3120
3228
3237
3244
3252
3310
3364
3433
3481
3497
3501
3520
3573
3627
3645
3752
3773
3803
3823
3860
3869
3905
3983
3992
4008
4074
4114
4174
4183
4211
4225
4230
4279
4332
4344
4350
4526
4530
4549
4550
4647
4694
4703
4718
4795
4808
4816
4933
4996
5008
5046
5046
5126
5172
5182
5213
5234
5271
5304
5333
5408
5456
5463
5467
5497
5500
5600
5652
5675
5722
5774
5788
5802
5836
5911
5923
5951
5999
6004
6022
6024
6090
6130
6173
6180
6208
6228
6237
6239
6285
6316
6337
6355
6371
6452
6461
6517
6530
6540
6579
6595
6609
6638
6756
6803
6899
6902
6910
6928
7062
7073
7093
7104
7131
7137
7194
7201
7205
7282
7300
7337
7339
7356
7358
7407
7449
7483
7485
7488
7495
7507
7508
7533
7622
7671
7672
7704
7789
7834
7840
7846
7859
7871
7938
7989
7997
8029
8072
8103
8126
8155
8273
8330
8350
8422
8447
8448
8469
8472
8532
8553
8706
8739
8766
8844
8895
8896
8908
8926
8929
8984
8994
9037
9051
9053
9121
9299
9315
9323
9426
9427
9467
9503
9507
9566
9574
9581
9646
9674
9713
9784
9802
9808
9863
9866
9904
10046
10061
10145
10175
10192
10275
10338
10354
10380
10462
10487
10493
10509
10521
10546
10559
10606
10727
10744
10749
10759
10773
10787
10788
10842
10861
10913
10943
10979
11022
11063
11085
11213
11227
11235
11261
11339
11389
11404
11475
11549
11557
11634
11667
11710
11717
11726
11739
11744
11753
11779
11787
11810
11828
11872
11878
11903
11907
11943
11959
12002
12013
12053
12063
12123
12132
12139
12267
12275
12287
12320
12345
12365
12418
12419
12481
12485
12581
12640
12671
12674
12703
12719
12720
12758
12770
12773
12796
12877
12922
12923
12930
12931
12942
12974
12999
13088
13132
13161
13178
13291
13297
13299
13301
13318
13320
13343
13368
13378
13390
13431
13455
13580
13602
13610
13630
13638
13692
13748
13748
13843
14001
14005
14026
14042
14082
14095
14118
14180
14183
14224
14235
14256
14284
14368
14483
14491
14495
14629
14728
14762
14803
14808
14868
14898
14937
14954
14968
14974
14975
14984
15063
15076
15095
15136
15139
15154
15161
15197
15247
15249
15259
15260
15329
15358
15368
15369
15395
15419
15422
15578
15611
15619
15662
15672
15701
15753
15771
15799
15834
15836
15855
15883
15932
15963
16077
16079
16082
16095
16119
16147
16153
16179
16209
16211
16256
16299
16333
16341
16380
16382
16411
16433
16434
16450
16454
16573
16591
16602
16702
16738
16754
16755
16802
16812
16894
16919
16947
16970
17021
17044
17055
17063
17073
17076
17135
17136
17165
17242
17290
17334
17350
17358
17400
17404
17410
17435
17516
17528
17544
17673
17702
17723
17779
17838
17864
17885
17908
17908
17916
17921
17940
17974
17980
18002
18014
18020
18023
18070
18240
18266
18299
18321
18363
18368
18371
18392
18394
18418
18441
18464
18466
18495
18503
18525
18526
18526
18573
18577
18637
18662
18693
18700
18716
18728
18817
18823
18826
18859
18889
18896
18897
18926
18944
18948
18953
19036
19073
19126
19133
19135
19137
19187
19201
19213
19277
19333
19366
19375
19405
19420
19424
19446
19479
19490
19537
19563
19596
19615
19636
19694
19713
19740
19755
19764
19771
19813
19836
19859
19899
19900
19982
20012
20041
20072
20088
20098
20098
20101
20127
20137
20148
20153
20153
20176
20190
20193
20200
20257
20272
20274
20317
20325
20335
20429
20502
20505
20537
20550
20630
20638
20646
20736
20757
20804
20814
20828
20848
20863
20879
20976
20990
21056
21080
21084
21120
21135
21144
21176
21243
21280
21295
21298
21364
21372
21450
21462
21469
21480
21575
21578
21588
21597
21616
21638
21683
21689
21690
21702
21717
21828
21909
21943
21952
21962
21983
22035
22040
22042
22105
22160
22211
22248
22257
22267
22288
22311
22408
22412
22416
22434
22438
22461
22476
22483
22489
22536
22560
22608
22633
22655
22697
22699
22739
22753
22758
22815
22851
22864
22879
22923
22995
23006
23019
23114
23128
23144
23177
23202
23230
23260
23297
23304
23342
23343
23368
23383
23396
23413
23448
23454
23463
23577
23589
23628
23675
23677
23688
23688
23695
23716
23737
23770
23777
23785
23801
23809
23817
23817
23853
23854
23873
23974
24002
24068
24150
24197
24242
24275
24339
24349
24366
24385
24386
24411
24423
24442
24458
24543
24624
24649
24689
24693
24717
24735
24744
24793
24850
24881
24998
25030
25148
25187
25228
25324
25360
25375
25386
25407
25500
25545
25580
25637
25735
25736
25739
25766
25782
25788
25811
25812
25819
25881
25887
25933
26025
26057
26067
26199
26229
26247
26307
26324
26361
26373
26396
26406
26509
26514
26521
26578
26604
26607
26617
26631
26640
26680
26742
26776
26832
26927
26957
26991
27037
27055
27092
27133
27140
27148
27185
27189
27201
27217
27278
27335
27344
27379
27384
27394
27404
27451
27488
27539
27545
27555
27560
27570
27586
27611
27616
27618
27663
27704
27764
27817
27959
27983
28198
28254
28312
28321
28365
28383
28414
28473
28477
28489
28549
28584
28639
28646
28686
28701
28711
28942
28971
28996
29016
29018
29036
29070
29078
29090
29132
29137
29151
29272
29351
29377
29407
29456
29468
29481
29625
29645
29686
29732
29734
29753
29830
29834
29861
29880
29994
30079
30113
30168
30180
30204
30205
30206
30236
30287
30295
30354
30505
30521
30628
30663
30849
30874
30885
30924
30954
30958
31042
31047
31059
31066
31072
31076
31099
31099
31144
31177
31183
31186
31220
31369
31407
31409
31420
31432
31456
31477
31483
31502
31567
31567
31614
31670
31674
31684
31756
31816
31819
31896
31924
31961
31977
32016
32037
32105
32189
32198
32229
32305
32439
32451
32475
32483
32523
32573
32590
32612
32613
32652
32742
32745
