18023
18823
20148
13301
1161
13748
3501
1732
3627
32483
15136
12719
2268
23737
30505
16179
21690
28711
23304
12123
20012
20041
26742
31183
22483
12942
826
28942
16573
7194
10487
27384
23260
23144
23368
21135
21943
19764
28686
1790
12640
23448
15369
11227
23974
26229
19366
20137
22923
14868
7704
1441
26361
17165
5802
27570
9904
2664
6228
7622
12419
15619
32652
7495
31684
16947
28254
15329
11261
9646
7871
29834
5600
22697
12063
21952
4225
3645
7485
24850
26307
14095
25407
994
32016
24624
27394
3433
32590
31042
19375
17916
11022
17885
1423
2957
2566
32305
12320
6004
12481
25324
20072
20848
21909
18526
15753
21480
21462
23770
29078
1399
28489
11872
29861
27560
27611
13178
23589
6910
19859
23396
10354
26680
21702
26991
17063
16082
2698
8103
3252
16591
29036
31924
14256
5046
11878
4350
21616
32475
15883
12053
21080
16095
2565
31567
24689
12922
29377
7859
25788
17528
8553
8469
32198
14082
13843
11907
17021
13343
9784
19424
13378
18299
24423
16079
5951
9574
570
11475
9467
25375
18826
13748
19755
1107
29151
3364
30924
481
13610
22434
878
11744
11959
20127
24275
6371
15197
28639
5304
23675
10744
15395
6899
28414
20505
18693
11710
25735
22267
10787
9299
16702
21689
30079
29625
16602
1471
26406
21469
14180
14974
26640
15076
28477
19813
31816
8896
10338
13580
23628
19713
7407
1714
15799
30958
12002
31977
3869
16341
8994
22160
11063
2975
3520
8706
18240
23463
21372
18573
8350
19405
25739
28198
11717
4550
5271
31066
22105
25782
13320
22408
30354
768
20098
20814
12773
19036
12974
833
22753
5675
10046
20193
26199
22536
28971
22476
22461
7840
3905
24881
25812
32451
20190
8072
23177
4795
7671
21120
7449
988
15963
15161
5497
21084
15932
17076
3573
20325
23019
25736
16919
32105
10979
12758
9674
19126
18441
126
10175
23114
15154
6803
29456
20200
28646
525
29732
19563
32612
7358
9426
9051
32229
23688
25545
23230
11557
14284
23343
3120
14368
1573
14984
17974
23577
5463
18394
26832
8929
2690
3086
12365
4694
25500
7834
25187
29994
11549
21597
20863
8422
16380
21962
10842
23854
7131
24649
16333
20550
12671
14042
18662
5333
12674
1532
17723
23785
13132
16077
31614
17980
18495
11634
18002
17334
20274
20153
9053
16434
7201
10493
14495
24197
18466
11339
17410
31420
15771
24002
10546
20646
21683
21056
4526
27539
5126
15419
21280
17242
27037
4332
4074
10913
28701
2227
17921
29272
5182
32439
16382
26247
11903
29645
7282
2122
25881
14491
24442
10521
27185
765
17044
19277
27217
29351
14001
27616
16153
18700
19596
6517
14898
22655
30521
31896
7300
28312
23809
13638
3497
15834
10861
12720
10145
2706
7073
25148
27335
7938
12267
28365
11779
19135
15260
20804
24386
29016
19479
31047
10275
27704
4647
23873
19187
17358
18070
7337
19420
1003
15611
6024
14937
12139
6355
7989
12013
5911
22739
9315
20757
6090
11389
1630
31099
979
18418
26514
17516
15259
10759
11085
10380
14728
2202
198
26057
5408
22311
8029
24717
16754
7062
6180
15672
2737
1367
24735
20429
5923
31409
31432
13291
28473
4183
24150
8448
20736
7997
1855
20153
21176
27817
19836
32189
6337
6285
27148
30874
8895
17940
19771
8447
29686
12923
10788
23853
6902
11810
23413
31144
23677
11235
1394
21298
1433
23202
6461
23801
10509
32037
7508
22288
19446
29734
24411
18716
17838
11943
29468
5456
22257
29830
8908
14235
15422
16209
13455
1311
16256
5467
10559
32742
3310
6928
22633
4816
20272
20101
3481
18896
22211
8532
2776
23128
20638
25766
5234
4114
20502
15249
27133
29137
12287
1957
20630
12999
3860
961
4718
17400
27545
299
6022
6638
8766
31456
31670
31407
21575
29481
17908
26604
30954
20335
9427
31099
7672
9808
21578
15368
7104
13299
4279
26631
16433
26776
15139
1260
13630
17779
4808
19615
9863
31674
10192
25386
27189
509
27488
14005
12581
5046
213
7093
586
20257
13390
31072
1356
25933
14954
6756
24693
4211
7507
30168
11726
17544
31483
1139
19333
19982
30885
30204
2962
21295
4008
23297
1690
27404
5999
5836
5652
16211
12485
11667
14762
27663
30287
17135
27618
4549
5722
23695
10749
19900
14808
15662
13088
3228
23716
27586
17073
27451
31502
15095
18948
6579
14483
25819
27959
29880
25580
3803
18266
18728
31819
18926
14803
30180
7137
25360
19201
24543
27555
6130
22560
27764
1102
1008
7789
30205
24744
22851
24458
28321
17673
14968
9507
9581
16411
18464
26578
24998
10462
14026
7488
18526
15855
302
29070
16454
18953
2731
12275
18371
29132
17908
7846
28996
3773
13318
20990
31186
15247
20317
15063
11753
30113
14183
29753
4230
30663
12345
5172
30849
12877
19073
1038
6173
1081
18363
9121
8926
6609
3752
15358
1434
5213
17404
1366
25811
24366
23383
17435
21828
21983
13431
16738
698
8155
6316
8844
14629
25887
11404
25637
1007
16450
10727
31756
22412
4530
30206
26324
31059
6208
26607
9323
6540
29407
21364
26617
21450
28584
11213
32523
2427
19490
21243
13297
19133
19137
26927
12132
16755
16812
12418
7533
21144
1731
22758
6530
27092
23777
18525
9713
9037
18014
13161
12930
18368
24793
6595
30295
20176
11828
31567
8472
23454
28383
22864
10061
26521
29018
22489
11787
3992
31477
4996
22995
14118
11739
32613
1207
30236
4174
24385
8126
1142
6452
12796
17290
6239
26067
8273
13368
27278
31961
17350
23688
21717
17055
23006
1086
16119
686
14224
17864
19899
12931
4344
1824
2110
20879
26957
31220
26509
2690
16147
26373
1139
31177
18577
18637
22416
15701
21638
31076
16299
12703
8984
30628
16970
32745
19213
1932
14975
25030
32573
12770
27140
15836
18503
26396
8330
489
1668
18817
27983
24068
20537
25228
3823
17702
17
18321
5500
22248
1994
29090
27344
5774
23342
19636
13602
4933
1861
16894
18392
26025
18889
16802
5788
9866
15578
3983
24242
17136
27379
22438
31369
20828
24349
19740
5008
19537
1378
22815
9802
22035
28549
7356
3237
27055
20976
18944
648
7483
19694
6237
22699
22879
22042
22608
18859
10773
22040
27201
9566
3244
20098
7339
18020
24339
7205
13692
1534
21588
10606
10943
8739
4703
9503
20088
18897
23817
