18209
8890
22597
8654
32036
8196
17071
31485
27284
9723
6705
15230
19000
16606
17506
21410
10219
30373
29351
9542
15336
17719
30620
5031
2884
20701
2997
17784
29116
22262
17701
19762
30897
14573
18174
11180
8049
13161
27546
24811
30904
5571
28219
32571
16759
3517
22510
29822
21715
23409
13237
32197
8561
391
19940
31005
1009
17835
716
2476
10936
5438
24727
16892
26355
8780
8307
18582
3800
19647
15091
10963
21807
11218
7089
20975
14866
19400
14393
20063
30961
29661
3618
28004
6105
2173
19582
19681
31733
23988
11381
24938
10069
3558
15660
8861
1006
10432
9964
20917
24546
20078
10624
3676
32514
2830
23006
11713
26001
1637
25354
2027
16459
23505
20024
12109
3494
11903
5681
18074
27736
19934
2551
26842
13081
32340
17068
22462
13738
14895
12464
25648
23318
32478
1034
17711
26936
31329
29705
20698
10621
11518
10794
19402
19180
21302
21565
17061
9571
11255
8644
8688
16931
28435
12444
37
19854
2033
11487
19974
22064
26755
10248
24880
31997
2167
27480
3315
31449
25778
18809
15713
8030
4858
13154
18597
11481
15858
5242
27287
13717
7500
14848
7821
24157
15930
18858
19315
10812
12325
2956
30238
13191
27042
2876
28125
30237
31138
21556
10065
3822
22760
19831
14719
5306
28609
30840
12580
28187
9199
5943
11848
18630
742
32173
22
5646
23611
4714
13035
12458
24665
17021
17581
4023
6006
27796
29534
11009
17605
1892
23025
29822
2541
1867
20316
2843
24251
18228
15342
2747
12563
30908
22755
7549
16685
24467
3638
12862
3582
23588
25270
31840
26099
2424
12892
8393
28645
29271
7900
13358
16458
8625
28282
28305
20136
4669
19743
14344
24400
16736
9132
29377
13640
26960
31118
9795
8329
9849
5267
28662
15466
3104
19195
23782
29277
27718
15315
4292
5337
22223
24958
24110
9879
5091
12949
13359
8705
7573
17649
1290
21736
23746
9989
2611
9333
11580
25457
2463
19810
27944
25301
61
29801
7077
8163
21957
6909
19119
25017
32176
19513
26690
28781
10631
5654
8898
30697
28769
8928
27802
3321
4008
1771
25380
2210
10523
5762
7369
11702
8729
22560
8809
19621
2076
26339
6140
22934
7812
22845
22650
10422
31126
32749
2297
17616
19140
4397
26389
5151
16942
5165
22165
16224
10602
8385
29260
3882
7040
18262
9276
13186
32313
13611
2306
10667
8346
26814
8814
13371
8875
2692
7537
6516
2685
15836
12092
7120
10858
32326
19878
24798
15519
23760
18126
14925
22488
12754
31746
1350
8555
5851
17376
5120
24712
15595
14267
21902
22207
29411
28737
12283
450
28729
30042
16536
10861
14320
25939
30357
25859
10184
5947
15311
26299
1970
15501
8169
21627
11654
17936
14750
28387
2296
4092
12885
16269
11209
6494
12278
11155
8762
19133
4349
3922
12230
4094
11981
18286
17424
18821
6726
19223
15387
22685
1689
15242
17337
19226
22107
3290
27462
27197
32473
11248
17813
12503
13740
17872
8747
27825
7309
5151
14251
3884
24426
21218
21138
28965
30905
17289
23588
3611
4108
24876
19879
31380
9957
10772
25550
6588
1996
8829
9848
22096
11168
29850
6299
25274
2347
20954
9338
17534
760
31082
6175
11988
26473
2043
17925
28822
14084
29893
7701
31069
9486
24524
21203
14824
1627
5474
24282
25533
8804
27373
32390
19474
6810
22762
29168
30189
23546
30258
6943
1931
20194
14460
19580
12031
14627
7716
23431
14875
1623
9515
19401
26003
27253
13182
9737
10080
4770
21627
20419
30819
22602
28593
30422
24907
10864
23783
25981
20152
8514
31072
21120
28832
28657
8798
428
10483
10431
14565
18560
19834
1882
4801
19241
16645
13672
31947
1457
10181
15715
12903
30067
15095
8103
28241
30418
32706
15817
30874
11050
25955
4139
21997
31495
3719
22989
31767
2197
18936
20070
12230
9816
32380
24244
28561
9757
3579
7952
4153
5169
29663
31813
28207
13008
8896
12962
22614
18912
25921
15182
6153
7904
17973
9180
14944
10523
17415
1055
32431
22049
21336
1600
3664
29303
29929
13581
24995
2702
25276
1172
30290
22514
6262
18673
15066
3780
15112
3940
21319
8042
9102
3495
6974
16517
4471
7038
2369
21795
18407
27279
22319
823
6745
28788
5130
3654
11401
14095
765
19042
27025
1821
27550
15196
30290
8462
16240
13366
8981
30741
14508
2775
8306
9083
22081
13314
31602
31288
22809
23433
9456
3268
9886
19646
2117
28971
13437
16171
29988
5472
25001
23427
24770
3027
24740
3288
16954
1605
5882
29197
3633
29403
5646
911
5557
28530
4376
16704
19563
1843
29807
31924
14826
28263
516
5024
6754
12428
5935
11919
29313
1192
32687
22487
6807
15325
31212
32460
1272
32318
20606
15155
17314
18913
11507
25850
4383
26677
1997
21542
24749
19862
22987
23820
14749
5919
29290
23748
25081
6848
6058
27099
7273
15760
21269
32072
32087
1124
4094
10145
6994
4768
28423
9871
7856
2893
29414
28288
29816
2156
27240
31899
10367
7306
15285
1273
10960
4757
29911
20754
1105
24558
17782
25205
16036
31935
17893
11709
844
5775
12131
448
13841
20756
27034
28425
3749
2376
4460
17289
30087
20159
23791
28297
10280
1847
182
24803
26701
28785
31315
15730
15028
29759
25625
28103
30970
735
13863
28445
15036
26503
6306
27535
23037
19265
11073
29577
5831
23033
26127
27517
7701
15828
30572
471
30705
25796
17237
16690
8410
17498
26598
4812
21096
4059
27421
17719
16179
5269
30177
27474
17904
12403
16451
10104
24541
5840
4867
14071
20064
22409
598
20932
19434
23638
17894
12909
17442
20570
21019
23118
22336
9720
5785
26120
11446
12009
1546
1583
22806
31371
19229
28739
23344
28284
20174
23522
29818
19816
29673
24635
24758
8223
11209
17862
12494
13547
18534
8243
19715
10528
12175
17568
25158
12532
21363
28686
16102
4497
5222
12822
25196
361
28642
28632
17604
25290
8396
4917
6301
3250
5369
14910
3345
5604
23537
31467
21129
22075
29427
3857
26331
4671
4665
31886
27830
1270
24444
3526
4672
15357
10683
11860
19197
31190
4665
32761
24819
4740
18117
15320
8460
30293
12605
13286
9915
24320
16469
2204
2786
21231
11669
26351
31220
29406
25761
25217
30039
17829
28605
16409
17420
30290
3472
17489
22161
14459
21544
23182
8710
18131
1343
10293
13968
12282
30653
24604
5371
26010
14974
27199
1955
16815
21588
13237
660
30246
17744
15074
20208
6826
11581
11245
1425
19643
15214
8564
7408
5632
19386
23935
3653
3294
21700
3763
22000
25417
2944
30153
21272
22490
24562
32574
19090
15650
14137
9547
4356
2879
1741
11799
8266
12204
13573
6700
7192
3934
25308
22311
2529
28428
756
2740
16376
13774
25051
2490
20470
15849
910
20435
28763
10217
31291
2815
10616
25585
6731
3993
18828
25936
12192
18570
25645
13396
6171
30652
24809
21091
26466
23250
23854
9287
30688
2070
25959
22218
3341
6066
18792
29059
27375
27940
4108
3055
1761
13548
19996
22724
13715
27271
25715
31617
31314
31393
26976
23626
23433
21895
16716
28147
24712
1499
10909
6747
7301
8075
16602
18683
27360
6915
15119
13246
16556
28834
26995
32275
14186
2155
13896
16961
13591
20990
11779
2300
21866
6342
21165
24373
30807
26739
16009
32310
6615
5547
23031
14829
22251
16124
10392
10632
17374
23062
29107
15939
30667
8503
18391
15486
29024
29926
13250
19219
14561
1508
1666
3302
25456
23392
5850
30910
23435
2410
28135
25427
4822
11178
9987
28584
283
30802
1770
22938
5263
32593
3612
20153
30551
27082
2690
18776
20042
19908
27731
8672
21753
27171
25145
19050
31468
24279
176
26764
26159
13651
30895
16754
32526
19776
8587
11313
26908
371
23064
32345
3450
6429
1297
9929
6741
22850
9402
27336
7089
19053
22979
31057
4453
1697
18800
18605
9831
9106
12023
29256
27978
3349
7210
189
17925
25558
11605
25651
20726
13385
13418
236
4903
6627
8027
3099
12239
8841
7624
10998
23324
1609
18906
2061
27183
1864
22639
21210
9321
3579
5239
23961
14821
21914
10653
19802
837
15570
555
4180
28338
3771
15399
3708
15902
22537
31170
18518
31436
7302
4340
22539
16915
192
24160
2237
20319
15358
16253
30743
26488
26233
30711
30248
2311
30665
1619
6001
1622
2462
11219
11580
27735
12976
11161
6192
23272
3577
1294
10531
12885
16929
11653
1071
14878
7482
3356
14856
9467
6317
17123
2956
5662
22900
29761
2972
3000
138
11155
4907
21182
24480
2581
15252
26605
26130
20742
21297
27148
23065
1543
41
369
12866
14021
1417
24774
8991
8151
24215
17165
13628
15082
9315
2786
30548
30747
29086
26368
8389
9892
14511
8199
14402
20667
16388
29565
4808
3767
14502
8210
16083
5493
8977
1832
12241
1018
30274
1938
15831
13401
15633
30108
19859
5079
7617
21580
13442
17998
32726
13288
11618
6351
17446
22968
28907
1931
17203
5389
18106
23284
1464
25987
8846
8223
27522
22146
8630
109
13441
13323
31946
15466
8223
31921
16794
19957
5840
13541
26980
30114
4587
32631
8010
14172
13752
8026
19202
2639
20938
18088
13264
16389
15247
22245
20401
26318
14117
30344
4825
11110
25199
8119
21344
32210
22121
3155
5433
32139
29368
9012
21091
28894
1926
19126
4963
19347
20876
17524
27633
2253
31856
30291
12274
23601
8018
17603
29862
32330
26530
25153
12835
6188
26164
14368
6402
4696
12950
19594
28760
19168
22689
18882
4072
30412
17486
2731
19094
12987
8139
20622
23839
1742
22478
1560
13576
25025
14890
13218
9172
20315
25248
2230
21114
28169
27127
7886
2326
26566
2894
22878
7903
29245
13234
1813
9817
6706
12268
10336
10700
24094
27804
32561
3060
23577
31884
19454
24826
5885
22846
23564
21411
5833
4551
19693
27336
26691
23520
10568
17158
16354
15163
17112
4278
17386
13075
28087
32287
16857
13831
221
14827
21250
18472
16355
18904
13432
1873
4621
30128
22061
3511
10888
24187
25947
25280
1520
5619
22051
28185
24854
19000
12405
8451
3327
22981
9263
18925
17456
25507
10377
17992
25896
10204
10928
1687
13871
19507
4017
6341
5710
22802
3481
11452
16287
708
8154
18227
32455
4836
6897
5831
960
1558
9030
8014
12252
12789
2900
12136
1286
1868
23817
21590
6731
17544
4720
16400
14746
11373
16781
21905
2760
5385
16265
20342
28631
25318
32527
13511
30328
17540
11765
4117
718
16902
22047
7365
6005
29996
1440
24235
24259
32129
16931
22491
22862
1238
19338
20667
21934
26606
29140
26205
5508
22395
580
21260
17339
1353
4031
9509
8205
12730
6775
22569
969
11634
23238
1039
9172
9043
13148
5855
13294
16044
3741
19580
20279
429
11077
22721
18930
24607
7246
30672
20616
29266
19
22695
30672
21590
12981
5621
8845
1389
32702
12587
24633
23489
5892
17365
10497
24659
18641
23339
6928
10036
19776
12771
7440
30711
6890
15434
2542
23142
4290
14995
18910
23412
30526
17775
31904
7795
7352
2270
6401
3719
4371
8516
9636
17499
17569
20159
28418
29714
3652
29368
24240
30593
23764
3000
22497
18587
6081
9085
15659
44
29434
25422
910
11467
14861
17035
30386
5641
22159
904
4720
16367
5566
29339
5524
17064
29029
7028
12769
19066
24576
26797
32086
21499
28705
24994
2224
30849
13074
31363
16176
24282
15036
10920
29598
9277
11975
15652
16014
20865
15619
3996
4578
12429
26887
13146
9616
5648
32536
9373
8614
29554
11852
3123
10635
17674
3566
16202
11399
12433
4645
29060
8069
26582
13265
19785
1048
9140
20406
26209
24765
19265
220
15042
3680
6985
31285
13734
32545
25083
9089
26849
25175
8929
32111
28786
18901
14102
4357
13400
13421
15795
28225
31911
8627
28810
32257
3034
4867
12567
11040
13163
7622
25011
9954
5793
29424
24331
19602
4010
32717
11729
26729
27369
3070
12465
26034
27793
30911
31367
10284
21619
1387
4303
5296
21524
15681
12892
3347
11011
29288
30286
25422
23913
27185
22334
2012
14562
7837
32443
30564
7051
14623
25850
11160
12637
10914
6345
4957
7097
1230
17349
22060
14147
30855
16077
26296
29684
7607
19126
10449
29547
26702
16704
11912
24964
28295
21065
20628
15148
25708
8513
9716
30580
28828
22238
7894
18148
15948
31505
18104
23825
28812
11064
29133
30833
23243
149
22946
7279
8862
15103
27905
12731
11965
983
22294
228
1870
23870
464
15144
2919
4485
6026
1419
8142
14053
18411
14886
15107
7025
21514
21442
29312
11592
9686
14245
27967
13071
30390
20908
24445
26783
18796
13978
29630
21498
15167
16560
17681
26244
28761
23166
20117
15984
8046
27640
29756
7288
158
7628
2255
25041
9117
26355
30002
10846
28945
6278
25834
22308
23355
23508
7132
7422
474
22193
22871
27537
19788
27153
27733
16515
17655
16085
23806
15080
9447
5348
20334
765
30392
2174
952
23065
12727
16845
5931
26336
9796
17085
27348
4538
14459
18190
21315
1412
11795
27304
30098
10373
4997
2606
30116
8611
31857
4565
22955
15830
9022
11895
18157
18910
11266
5347
31687
13361
3745
21368
10994
2872
27704
25074
7173
11194
21436
25475
13627
13209
14814
20262
21111
3260
10290
29232
3461
9292
26513
295
23459
8739
10684
10968
9280
13441
30273
24996
13571
17409
24227
20251
14095
9164
15797
9676
2438
4621
1607
17754
9547
7333
25860
25811
28173
15903
14747
14142
5249
18150
11037
15987
28142
26293
23462
16432
25839
27216
32576
4456
26485
370
23044
11230
30219
8454
27011
16883
14430
21913
15716
17596
15100
6672
17230
4184
14940
1686
2568
12929
7967
27609
16350
32608
3989
11894
28743
26790
14979
30385
17606
19160
16163
2154
19726
9450
22125
22349
4713
28176
8597
11080
31322
32209
16853
26946
15489
14941
7532
21514
28608
288
30183
22925
29340
32151
13215
16461
13030
25187
2691
18702
6298
14492
23575
6354
6151
14695
31421
32520
12080
26059
12852
27649
21107
20672
14686
11171
3176
20361
28998
14433
21772
1092
5473
14955
25631
30400
16660
1825
714
12174
28279
13518
8325
2395
21081
5779
12088
11389
14724
13473
2720
26827
19265
5291
28405
25010
21791
26268
17098
16517
1009
27013
14388
24853
11798
7385
2350
11394
4861
4572
21308
5712
13287
29017
22095
28605
10735
2451
6889
1362
7496
30847
17281
15033
16839
17968
3369
6350
31905
915
17262
504
6005
16732
11136
186
9357
29504
10899
25733
30817
4965
11140
8401
23644
6679
1984
8812
24291
7612
30562
3857
25748
12042
19611
9020
24267
17783
32343
8765
19307
20465
17949
3211
25051
15824
21815
4188
4430
5129
25876
26738
13384
25252
9962
7480
7518
11888
22175
23565
24893
8949
29930
22752
493
8362
27830
28157
24407
31592
10183
28198
4357
32031
22175
23782
3370
200
28579
290
16610
14746
10618
1521
32186
31361
29878
7598
24691
4556
14518
23371
5379
3365
22474
13799
7133
31175
16025
27299
29810
29931
704
12466
20728
8323
21692
29616
14186
20523
18698
2101
13264
605
15500
3753
32704
31204
22575
30810
17189
2963
30667
25291
21055
29750
30795
15696
3307
19145
12557
27863
17189
25320
7308
25097
17099
13191
29756
21906
29347
5603
17333
7868
7840
28856
14100
22595
22881
9141
10398
18277
5883
18221
12711
14648
25848
5135
17075
19008
25504
2072
1754
19521
25719
6727
5745
15954
20998
5010
15590
2867
17630
24535
21996
480
27099
27413
1496
15462
7590
24284
20811
26870
24957
21506
22546
10552
3383
19608
14154
31713
25218
2588
22216
25736
25968
5104
9656
17846
7730
523
2691
8508
10275
24559
2551
13001
12808
15323
27042
6331
21397
13889
20862
32566
23604
9594
12500
371
32515
8633
27226
13659
27
3390
2974
5461
18200
27852
5032
15452
31446
9308
3291
10324
2680
27667
32285
30366
18351
4466
30520
20202
30265
22733
15487
28748
29863
4862
21940
5267
25188
15194
1065
7638
26355
12772
25638
16975
32376
26049
15755
10860
28538
1004
18358
13604
19943
32299
25767
22152
12120
32322
5986
17562
29847
6502
14741
26209
19551
22516
13435
14653
21346
25955
16640
8313
30096
31864
29478
21279
29847
25528
5287
23568
14246
3619
4828
24659
18551
13343
989
8110
8588
30899
1770
25459
12729
28405
1034
20381
14562
5062
3825
18971
25094
4028
28967
27756
15996
21856
8039
13164
1661
28570
7750
24942
17123
5225
6677
18058
17456
20439
13831
25401
2770
23341
22167
6431
1190
29795
27428
24103
17338
18906
31454
9685
4695
20046
30950
29912
2111
2310
9137
21215
1331
13901
29614
3758
13496
19494
23848
2161
32539
14140
26989
30288
2995
25624
27440
22339
14438
26774
21036
2088
10862
24986
25098
12051
23645
22783
20613
28901
19807
18384
3788
9504
13760
2235
16935
31737
25774
20162
12254
19119
11071
29748
8279
29212
30902
13788
32126
5002
3074
11896
12393
1991
24199
9837
573
19580
11297
3000
1099
23482
15462
9768
17279
8662
20780
23498
19195
1399
24140
6565
14847
13805
28325
13480
28940
13252
23139
22241
6729
18329
12929
19696
4389
23341
1420
18362
27966
26808
25002
26210
13442
29824
14300
7285
30867
17577
1152
18532
25456
19279
24858
3640
30547
30418
25427
19073
1493
23665
27970
12687
8792
28955
21227
28389
5030
17537
30981
22763
2262
29296
20737
3299
5488
15966
22087
1822
14545
3395
28867
2928
29904
12714
24736
29153
14241
15879
5971
11173
7418
20811
8668
5199
19061
4534
2120
25409
27446
18924
18043
20839
3789
23628
16940
18213
28509
125
25137
9869
25342
32585
11005
1494
31841
24751
1127
28169
7859
16435
3245
29182
2243
15225
7352
12679
7014
12050
24993
7403
24347
13718
12149
3222
3307
7411
28981
270
7827
17924
23073
7977
10725
8806
15414
15486
2924
17543
10230
4121
9295
13823
14695
23411
12151
2084
13918
8097
29172
21208
25085
13003
19101
5542
10619
18912
25847
12046
3619
19080
4953
24092
28832
31066
5197
576
8567
22608
18232
3417
23253
18807
5182
23571
1931
18923
2912
26739
31575
22787
32487
2736
101
24521
7430
15429
24085
11437
19643
4420
15615
22394
20982
23533
3125
8584
31997
11903
19399
9780
26895
12110
24717
28557
3655
29462
21792
17232
10948
20879
11306
15383
18183
26689
10208
717
22940
16282
10956
15461
19965
17982
5584
32715
29363
5790
18280
26651
4798
15052
8239
5906
15927
25230
12453
15298
1588
16305
29743
29065
12268
31903
15711
2883
8988
308
14198
7871
6057
31182
8487
25712
18054
21667
9374
16229
8664
10584
28865
379
22616
16079
30646
16338
10233
9024
30373
19325
17356
2699
10943
8830
20768
26316
22399
27889
16365
28464
559
23175
627
2312
1711
29750
26654
18204
26994
13871
8109
29506
2761
1553
9363
22063
8036
22876
7069
12684
4629
8232
25302
8269
13016
18455
22696
20798
22289
27528
7747
20446
20244
269
22851
20337
21738
7968
14476
11345
22611
10257
16505
6021
19463
29251
8759
8340
22593
16536
8811
4507
5758
7978
21275
20894
14978
30780
9419
16668
19613
30064
4838
17638
22828
314
28512
29489
14690
31892
4506
5865
22857
31987
27782
32072
7939
9850
20491
16808
22358
30318
22955
2965
19304
4587
22627
29479
25542
27861
10194
32654
31915
23824
18078
29679
20352
28148
11284
24175
5535
2043
8462
7565
18524
16573
8218
20404
8774
26399
216
24848
17834
8135
29348
11170
11353
9683
2677
23951
17579
970
26629
6590
24516
22738
13875
1697
21782
32292
2725
16211
32551
8382
26801
23268
30101
9047
27518
32241
10327
23704
23398
10871
16453
1417
12959
16872
26843
27722
21787
28031
26426
16131
32684
24785
8815
797
12908
10918
248
3251
6748
2054
16260
2627
15947
28055
9467
30890
29434
15142
14270
4943
23165
19843
22576
5278
29412
25234
25717
23224
30747
927
18810
17512
7439
27122
9525
23130
24594
4515
24110
6279
32385
28336
21566
27636
19364
30797
3734
14492
28373
32379
2820
31658
19685
32220
4722
24044
8379
26054
14000
19077
1854
1174
23923
24034
630
3655
31901
16623
14317
28995
27582
17546
28252
28024
28379
20792
3715
8623
24175
32534
11097
793
4272
27155
21861
29483
26643
5725
15724
26540
11026
31001
27212
22797
2349
31063
1576
27384
28975
32069
1733
811
7346
22434
13620
17031
29925
10614
22706
5220
13453
3073
2252
18472
27466
5873
27335
26904
17948
5848
24126
18542
16677
2012
23821
28075
9905
10417
4718
24878
32627
14788
28002
1286
22545
15545
12883
28677
32740
18456
20471
32533
9465
17219
31607
4303
29019
7852
22481
8010
3476
23620
11387
11313
11377
31799
28489
13081
1030
8662
9616
5649
22514
1236
24716
14458
30948
694
22783
15385
23902
25733
28187
5226
14265
11462
2978
25655
11626
428
15180
22890
4995
1931
25961
31520
21629
16272
1223
7678
25396
16048
20950
29384
24371
20702
10506
25391
20018
23681
12417
12523
3805
6693
230
2826
26839
29808
21909
3464
24063
9304
2047
24351
8434
23956
23120
24928
21713
8016
21840
9987
31300
32037
15751
9340
11710
29768
25509
20175
6915
8450
21537
7332
18920
26720
10783
7582
10330
27179
2455
7145
30114
20250
1204
31762
29415
18247
28794
20252
31989
19680
27820
19152
29501
32543
8941
7252
4124
10620
293
18687
5728
19233
29478
4460
30728
12958
24464
2765
23115
478
27633
25218
6876
11865
19505
32747
14957
20876
8494
30842
20594
23974
10915
2572
27687
2693
20558
3961
1748
3808
18002
9065
27471
31174
20698
25962
14019
16455
27391
5440
22193
21361
21740
30844
10292
21118
19775
15953
7305
11595
31155
21922
1742
19212
17148
26975
30474
2367
10227
30482
18030
9950
19443
13237
14555
28633
17539
12999
22436
15555
27189
927
27028
6859
12494
14591
11315
12271
19110
3820
12869
12140
6994
8893
2964
29305
15745
29043
6639
2356
8228
4168
14195
22493
32466
21387
4617
5186
14698
22442
24624
14202
20218
8337
21245
14294
32735
17202
26975
7957
23342
19813
2216
20695
15187
24563
32329
5461
30200
12013
20189
15438
17193
23619
30314
27717
8117
24721
32227
29161
11991
30268
2545
9173
24341
15038
18162
11897
22121
31294
22083
23640
27039
22884
8378
11893
8958
20843
12919
22791
7210
12920
989
30836
12105
8234
21467
4733
17253
15474
30576
14262
14353
29861
17006
22842
13392
9423
28030
9884
23730
1355
7524
2081
13504
5776
28548
2348
12186
32590
12197
18169
13279
4282
6902
14222
5837
25893
21582
23791
21162
19668
28088
14482
31842
32012
11055
4882
15473
13676
25254
27687
20227
20352
7500
9942
20314
27794
24077
17893
21105
13763
12636
19602
5343
25179
27184
6021
16381
30814
12364
16898
2635
31584
17348
27491
14096
32153
6589
28870
14657
18236
13940
28419
32164
2053
26754
8417
8245
18193
18782
28041
4297
1267
10019
15162
27377
17412
15251
23103
1313
27386
21596
7198
31506
13757
20635
27411
14180
10358
6047
30140
16520
14568
27887
17174
19677
8707
17806
17064
25113
5558
637
11518
1003
16646
13442
18521
13791
22109
19752
26021
21633
4644
24839
10667
2501
28051
24389
30344
24742
29640
25181
2398
15374
27927
32287
8265
13558
21666
12025
15509
9166
19497
20084
21806
22815
547
12545
3415
18799
15885
20726
17311
12389
1794
10964
3345
28461
6284
11979
28844
10782
6586
27520
30483
27034
19058
22029
25221
16950
6921
21321
8974
18459
25105
26187
23295
20909
9330
10281
1949
19818
9149
27909
8726
12052
9916
14923
19641
14354
12366
29236
24677
7956
6257
22671
28226
23286
15265
21696
2480
5351
13409
5385
28285
1482
21271
30472
22363
17116
18460
22913
6289
15767
13332
15198
21232
31447
4731
19444
21257
17724
12929
20616
28829
24271
12824
786
597
30184
12107
20032
14771
24911
9169
2750
31561
26529
7906
8629
1833
5621
20809
14482
1436
27072
8123
18952
19479
20982
12135
20568
28266
19314
8398
25808
28731
7320
27861
30865
10931
29753
6168
2710
14967
28598
12418
32498
2522
19561
18715
31577
19281
18496
26656
27874
30759
30123
7001
6923
10097
1721
9895
27646
20805
21374
221
15891
21031
8119
4816
31381
17092
25521
27826
17865
30691
7270
26011
28716
16024
26345
22889
3325
10426
27397
30922
20987
32152
22817
24471
9328
8936
32615
25956
30574
4608
14886
23637
24409
11593
17268
12851
32421
2544
9751
10174
12257
478
22438
4677
4341
8683
15851
23413
21416
18510
9100
13167
30565
1880
24554
10525
20542
8291
13898
7365
32561
11013
12339
16606
16298
15497
30486
7459
11850
9119
28981
18407
27879
3154
9661
18856
18388
8251
11317
24294
16482
30452
11036
3125
8358
27344
10702
14482
31869
9673
14760
16883
17358
31418
14956
16418
18959
24271
15847
27082
26379
5945
20177
20434
5346
28454
7924
25323
12113
2544
24721
30565
14387
9620
20223
15175
17736
24935
10901
21150
31542
23812
11210
3605
14797
17289
12699
28614
23951
5891
12077
29264
14960
20518
7348
17962
13274
9794
28563
31031
5620
4978
24005
15514
5156
26903
28795
15563
4307
2180
10758
16362
4720
5115
17144
32340
2487
11225
17030
26997
19763
3085
30257
21725
28161
7630
3238
13717
18904
20878
22498
27571
32326
21801
31385
18988
8508
31331
1241
20714
25293
24977
17387
19742
31795
15510
18810
21464
4115
15889
28150
19157
24578
2261
21051
29591
31559
13210
9326
11451
19170
13554
11304
23944
7886
19326
25047
16324
8324
13921
5473
31691
20160
20981
26634
19170
26247
27837
7575
5064
23913
26779
2227
13710
20740
31811
5779
29865
4041
10480
15830
15942
7939
14422
21679
13789
25108
22231
4677
16649
18178
7673
16218
1431
7219
8984
23083
3548
29557
24152
12696
1868
13890
32222
15237
20297
20289
31040
10880
16953
3343
31033
1700
219
8768
26530
19901
8155
26273
15261
24237
30116
15808
22036
13326
31349
18095
610
12824
28343
14596
28495
3013
15246
4900
13378
820
16814
32194
14002
2379
2672
2210
990
161
3876
9379
29374
10139
2729
32508
8761
28117
2364
8646
10136
14531
10894
32187
315
23448
18969
16701
8586
18022
435
8346
9775
12423
14948
29582
3971
16957
16245
19465
3141
405
1993
27187
11666
1681
10609
12717
5905
14981
11130
1050
32623
9922
10761
9439
5387
5746
171
2598
6898
4035
28390
16169
21005
26696
27412
15277
665
30876
6001
21708
14808
13128
3442
11000
4102
8934
29528
14653
2703
4999
4102
27078
28287
27475
20751
21411
5946
30319
30484
1482
9581
10788
23629
859
6724
9021
2405
21800
13022
25520
3211
21620
6142
4993
18118
4859
13827
18660
9096
1075
20762
7074
28295
19410
10674
1981
15304
21904
17712
25431
5628
6702
12004
27600
26384
13751
17724
11823
20224
13062
26424
20163
23788
12424
5662
29706
24173
16963
24431
22737
14633
13591
8985
18845
677
5956
2542
4426
19035
10797
16469
6386
18957
8540
18752
16144
28760
21189
32094
10725
31116
15439
2705
6427
2747
656
1954
31401
784
19672
28724
18166
30562
8818
7414
26689
3081
11558
3101
12608
8433
1282
3602
9991
1005
26971
10855
8748
7501
2830
20752
2857
19122
19467
11216
13825
23585
6165
9201
8487
26455
15043
28728
7067
25948
22219
16152
5718
20059
25215
20774
9448
10161
19864
6093
29024
14404
13363
11331
10092
22294
17177
12987
6849
2074
12611
32221
11453
23366
29342
1651
13643
16873
2059
2917
29448
20031
4266
28135
18084
4418
88
7665
15754
2756
8054
10991
12227
24507
14317
19643
29975
19164
4974
30920
30070
31595
12031
22432
6295
22097
18355
11920
22751
19823
9400
4513
32132
16690
17047
29131
16370
8295
17336
23398
24686
14929
18981
30945
28153
30457
7823
11702
17783
27078
18582
23965
3088
29261
31813
13313
10455
24426
220
32688
425
18576
29907
30422
32600
4445
4891
30508
7433
19314
23975
5741
1755
27265
20779
5898
3018
32423
1572
5406
26322
26877
25368
32676
9047
15978
17439
12776
8388
19643
15266
16699
31091
30197
20579
21227
20685
21993
23741
3698
19634
26122
29486
32750
15899
4988
27666
32465
15613
31597
177
27866
15217
16808
6012
24900
21523
13671
9620
5181
22439
14441
18828
7833
24067
7237
880
25032
24105
27134
11782
11269
4531
18391
7507
27857
10100
29033
1633
3488
2396
30194
5184
17106
14748
12528
20043
26852
2827
12527
13228
16872
14536
159
12323
10034
8481
1577
19971
853
10164
27843
18813
10318
724
19587
26912
22014
30767
1136
16289
1246
19629
31455
15064
18670
27547
14333
9228
24814
2312
3752
30064
17873
17263
18307
10477
20079
2199
585
25634
15226
16824
16737
9642
16307
2783
21427
22429
22621
31123
4283
27481
2546
14009
6875
25218
21782
28597
7158
26951
30665
25298
12346
26087
20192
2788
29501
8564
27574
11820
25420
28120
12831
21627
3840
27925
4765
26778
16657
24017
13527
2282
7791
4369
9798
19272
27279
27973
24882
30771
26115
8837
16349
305
31566
29722
12286
13934
11766
15168
14960
32679
32731
1834
13100
7238
16582
32327
9589
11983
31813
25796
20562
6010
31159
27730
18241
25122
675
12585
2858
19293
25422
2124
12178
8429
22924
783
24593
343
26070
19415
23046
16081
12957
16418
11913
26977
1502
27591
24737
17476
28919
18814
13239
10893
12985
27810
15947
9998
32702
30774
5350
17275
9468
1831
8528
21197
14491
27088
31234
15077
19716
23747
19934
370
23099
7367
14366
8212
20846
31773
4235
25538
3790
23816
3055
23401
7581
13708
16588
6613
648
117
25678
20181
56
16283
21375
31642
2596
29541
15546
18017
22953
11148
32098
12626
22876
5409
2003
14503
23199
10706
26009
7184
18802
25705
10721
22358
21132
7829
26668
3647
12203
31725
843
28595
3624
1586
26759
21532
17358
24276
2848
6931
17900
10680
13305
3128
5801
5433
31121
16225
7320
9069
29749
20472
6284
6313
628
24478
11694
13127
12756
11284
12236
4262
8131
15452
11252
25459
26320
26907
24386
24359
27675
17474
4086
31953
8458
9197
31945
32022
3390
21644
22146
19318
13510
13888
30660
9937
11922
18824
20266
13097
32554
28444
12182
22697
2976
24345
31429
5094
14530
7007
23079
7014
2709
24887
31214
32351
22527
24122
31333
8384
26308
11374
2948
14453
948
22961
26305
12263
27426
32347
6952
4547
5527
10015
24494
25085
15560
5682
24515
2068
11462
8111
13862
11927
13685
9531
2557
15336
20543
29925
549
18496
19977
3919
711
13555
8550
6419
26924
18678
6411
31584
14802
30366
7812
30692
29887
11946
19749
13295
1045
25732
30018
32469
30951
10180
24483
22420
2635
30454
25906
30134
2736
12189
12023
22905
18290
16248
12870
10030
1708
31491
15671
20959
5966
15681
10071
22836
10095
13497
31389
7831
21732
446
10400
5527
11281
2548
8198
21386
2303
9488
22080
17015
3759
1759
6517
31539
10414
2698
16059
2761
19178
17176
141
10015
25540
30004
8570
5847
13414
24113
10010
20596
855
27723
16710
5310
23884
19504
12680
2151
22594
28607
18129
4334
3273
29199
16746
30916
14755
31923
13101
7854
17805
4668
12277
13418
4957
25088
25171
20629
23629
2330
22659
22476
1175
25778
7582
274
7746
22911
29456
31089
3643
13449
15949
27364
1959
2356
32448
27253
20856
12410
24580
4515
2622
19832
15447
18182
24128
31532
9036
31286
25548
1917
14528
22248
4555
24443
14
13146
1176
4329
26503
15858
1299
1273
10268
11810
1521
22614
19806
31886
2902
29799
31145
26225
12453
19923
15003
16444
16535
27712
459
23425
5002
8033
5560
1040
10268
1327
3840
22624
10745
17782
13779
304
23281
9876
21414
3181
4686
24445
19756
28503
18020
19203
6274
29664
21609
24661
25514
5460
31367
5317
32570
4159
14384
2766
24917
10636
2226
12885
21723
28906
11275
15919
10461
628
29182
4836
29780
2960
15206
4786
16914
5911
9675
27349
14584
25783
5427
17926
5226
20374
4154
2114
256
2104
8805
30668
12670
9635
14516
30581
16391
20929
11382
13851
12173
5381
28769
30576
8588
1361
5090
23036
5112
23576
4274
15974
15220
14272
5802
13295
19908
3146
18904
3647
20613
1844
9938
2148
16411
27294
330
6424
8940
9133
20707
23618
23756
8237
16451
13760
22199
10106
12906
4452
20166
15008
12866
25660
25692
16321
119
21271
13472
31927
13192
8772
6961
9467
7711
21149
27413
32453
28574
4037
13298
25461
17146
21421
26496
7986
4044
25437
29502
29649
12709
2289
8804
17144
31138
12001
23577
9091
32321
16518
4583
26150
7539
29658
29292
19796
25843
24704
13394
31840
21717
2052
3457
25059
12386
13155
10898
8541
20771
18894
14983
16415
12348
1195
25274
6504
6652
9437
12052
24014
16305
3397
21119
8671
7105
26248
19358
16393
23542
12307
16827
4535
17946
25181
11777
17341
19140
1644
9451
18934
14961
26267
21500
13867
20694
15514
1969
30263
2677
182
19892
15721
30831
15963
1874
7466
1689
4567
47
4320
26577
13152
23864
274
7315
13145
30682
460
18375
19409
31089
20549
17885
27469
19204
21439
14876
23751
11567
9647
1591
12534
3168
25886
24610
19664
25927
22863
31267
16718
19847
10146
28972
20591
29874
8376
30056
17279
12660
26840
24852
30361
28430
32657
12688
15723
3846
27297
5814
1337
4893
2070
3178
22564
9090
19379
12914
9645
17733
27541
22153
29813
21774
16407
25774
24902
6671
23282
12738
3927
1335
6569
21586
28108
28841
14116
32690
30333
29548
8346
5451
18936
7524
4533
24629
19657
12161
15345
12041
10745
9270
32070
16368
24276
7213
27142
13056
13295
825
11784
30409
18282
396
2310
25386
3187
3370
27204
30314
25611
12189
28530
26755
13069
21482
19156
2241
6508
12485
21664
6540
11964
8961
19368
7810
26612
3146
2360
20682
2674
2582
11330
11684
20543
6361
32696
21316
8597
30584
8250
8160
1950
24321
9457
18184
15487
25241
20411
20790
31893
2998
2184
14758
31998
1678
10244
7783
11100
29391
21878
14003
6869
11408
31719
892
16991
8583
6792
28231
28730
1661
29774
19005
5821
256
25311
27519
22102
6488
20657
18619
26829
2236
7792
23293
20936
14277
30625
12231
30868
290
23174
24931
3874
3214
22337
27000
27216
22015
19003
476
12138
13600
5575
1961
31473
30978
7939
5267
25755
27662
4607
17016
1178
21567
12578
19769
24097
17294
13257
1737
21285
19629
30768
20867
1377
28663
3222
5313
18588
21672
21404
24490
2606
8777
18415
11851
20929
3695
8998
1258
16213
29349
27630
21910
10887
32423
12132
25603
18194
23249
27074
7061
29334
20182
25150
3003
3992
16565
32303
32382
4554
8169
20338
23898
8077
4320
25100
22604
27829
27823
3344
812
12940
26884
19140
23869
26905
31836
23551
30467
9634
21110
15061
10836
17007
25863
8310
6322
13265
3247
8788
25560
11875
7724
10884
21651
656
26574
20327
25555
20821
9002
20105
23042
32328
12051
11977
30868
730
9670
19899
25056
1753
9061
23626
13102
25145
20647
3746
1297
27667
1485
845
17911
15086
6616
9627
8958
14910
12793
3912
29449
14634
9545
11609
22548
22162
18618
11335
2756
28241
14157
28511
1090
27583
27270
5993
31306
9594
14110
23688
24959
9831
503
16225
27138
2035
16725
21887
10818
16799
7754
13558
27670
4539
19058
17223
20489
25457
24033
27524
15092
22022
20826
32693
16851
18781
26817
18809
2001
5053
8659
3569
17061
17619
31509
2265
22817
6651
9994
8952
20488
1979
32681
26555
31009
31888
19982
32285
6281
16622
14960
10441
29773
6274
30803
4483
568
2234
767
25540
10218
26759
32304
31396
16682
7522
3855
9725
24702
10637
16737
19150
32248
28571
19711
25309
2130
20274
20358
8097
3134
32528
20047
13406
26103
18508
5282
2962
12572
1758
16934
27536
27326
4962
7580
20075
31160
31257
32717
28949
4414
9009
27329
24008
8633
20550
8498
30117
19410
4904
21056
15772
2509
8671
11623
29323
793
11244
29357
10410
15909
5330
21280
31270
9333
14293
13695
2316
3316
6402
13112
22633
16524
10095
24978
16560
11508
29892
15148
859
14793
1530
15782
16853
29665
8547
3998
23448
732
15851
17118
30610
7419
30621
1747
15566
27958
11625
24386
32336
8072
11300
13110
24129
1934
2768
18493
11340
5456
7198
32211
839
3167
6449
23839
27158
12576
27045
20701
31692
24679
11472
6556
23316
17735
26695
21033
29904
8489
32676
6219
22015
23068
22919
11696
6372
17260
21979
9512
11621
21622
31067
28689
177
16826
29268
24594
18469
11314
23212
28941
29553
23267
23331
28494
2550
12977
5081
19977
30579
24695
28177
16899
3041
26967
15156
29839
12955
5455
17689
25276
9410
26637
13187
15565
6880
7173
27371
23017
16843
21440
18560
5140
30413
30071
24429
8286
3841
25824
7002
14170
11776
3912
27701
8658
28605
32226
24370
32185
27054
25183
18704
20321
18221
20926
26015
13039
1309
8550
4223
16907
4304
6770
31530
476
20008
30540
1076
27955
18685
24445
5074
28422
5567
21955
8602
24865
9565
19556
18313
25368
4197
21443
1610
7552
7532
5937
7861
17758
1712
7173
9367
29664
17148
30447
11953
9803
21964
27529
18435
31285
27314
10799
1610
31220
16376
8209
27079
3414
9351
3462
27202
25235
3335
22180
21839
25471
1096
16909
25040
2820
31457
6667
7355
11984
14871
25568
4893
4427
32256
8535
23903
20428
31464
20639
28616
268
20979
7769
21572
6107
14596
32240
12644
24081
23006
7209
17061
7112
11401
24571
9717
16072
20728
28064
8819
5699
11240
24556
19575
30403
19211
11230
10962
23136
21606
25205
16727
20790
1271
17604
9370
22038
668
24137
31479
23420
1328
6523
3798
9409
6903
674
22062
16274
3132
11499
4936
12705
8760
28092
29382
11930
21814
25157
19171
27225
9717
29528
24572
23386
9806
19322
21072
369
29974
29498
6404
1211
12614
1985
11882
16596
10329
16299
20866
4170
17398
12821
193
27730
31439
5111
4626
13498
18633
24501
3099
13343
29277
6896
9409
13408
5950
11938
2286
14162
22588
1386
20881
10166
5224
25636
18919
5736
377
12477
27386
22489
9070
6981
12391
5566
26485
23878
10851
10506
26124
853
28928
20506
4198
29926
23725
5424
19728
11877
10236
31011
18388
24962
24233
13909
30942
28620
15831
12260
10013
29569
27036
24869
27116
19108
7104
24910
28146
22609
12226
20338
326
28750
12316
15027
10967
8418
18632
23219
20748
20202
17155
11339
13223
22569
28241
18048
15599
12256
6849
31666
28174
10654
2162
6935
27320
26202
28758
26216
26637
6079
2614
4058
705
3527
13303
21584
16506
17035
7707
1487
16505
22618
8587
6706
24445
15880
8851
4639
21220
28040
9518
19513
32532
30909
30340
6295
3353
22670
4017
8310
911
12857
5576
30250
26307
1769
6935
24923
9237
394
1453
15213
19617
22236
16154
28736
25374
27590
4470
30490
16645
13806
21925
22497
22262
2694
22232
4238
19545
20329
3927
28382
16961
16998
8831
12874
15765
19163
14342
2618
31857
2438
7303
17526
15050
6809
19258
16349
10833
15884
17666
30553
8602
23095
22702
14610
18046
3232
16504
24034
14270
15634
14546
5386
31208
26351
29795
6179
11135
3270
4428
23383
17494
2600
29615
3536
25661
14264
10610
32369
29919
5506
15168
14532
8939
28558
3793
28212
29298
12468
15980
32637
29329
22449
2474
14944
21583
17019
17276
8091
26824
17362
24943
17688
19084
14104
4143
10341
13890
1634
29002
1380
22161
22223
26167
1348
1856
20249
3223
22959
21403
11369
20410
6213
13337
6512
13157
27210
20285
31667
15315
25755
16826
11046
5881
7143
12762
18429
27407
18715
12832
8895
28235
4638
14125
27292
11248
19135
9440
5632
6791
16876
14017
14696
26476
28452
18336
16501
7053
5166
15481
15678
32111
9996
5787
16875
21618
6187
28937
30848
29013
18652
27937
27894
8188
17928
21115
15760
26225
6942
26132
9580
13610
20817
15532
5465
27786
28417
3180
20200
23465
2934
16844
13766
7256
19156
23476
19272
28768
22091
21217
2120
1035
9359
4235
2352
14822
9864
14405
16468
25540
11338
18724
8837
3334
5703
23075
482
14874
9923
30150
2802
16706
1929
22782
6128
8343
22493
6477
20070
30029
22193
30250
15102
30776
32028
22951
24468
9103
7431
19537
26511
26097
22570
24664
30322
1701
823
22512
17582
7974
18772
2806
32443
19935
9167
20439
6758
1587
31245
27566
5741
8640
32196
19884
22601
5861
5994
6589
7243
30849
30446
18024
11242
8958
7333
20983
20060
14991
28295
21209
10083
24245
11675
26436
30826
14088
24496
18463
30672
15668
334
798
12932
26690
5100
8239
11218
7449
23651
13845
12156
2116
26019
12882
2573
17653
7077
22603
7018
30026
4769
15271
30634
12240
20096
14840
2599
26182
7828
14237
28373
10659
24967
9191
30163
28506
17809
2170
1344
15324
22766
10230
19792
22110
32400
28631
671
27101
6929
16794
4805
14176
3563
22306
1834
15742
19179
18009
2588
31007
10211
26650
16926
9095
12960
9807
30595
4496
8987
30038
14396
6198
15859
31914
28143
6745
15131
12991
6729
9151
1232
28717
11668
13657
25295
15889
11148
9927
26052
25520
4718
16669
9989
30558
14419
30440
12416
30367
4796
23916
8435
10635
7278
19248
24667
21879
19840
16317
30894
721
22962
30882
26316
23116
10496
22459
30643
23869
15991
32435
1523
32069
328
17352
11107
22321
7195
25550
15121
5406
26277
5495
6015
15329
3453
25041
14604
26534
27691
26128
30896
15318
19842
25230
29420
2623
1585
15120
5889
30063
7572
19531
13921
4704
30928
15015
10339
19803
15390
7746
22074
5654
22119
12344
17192
5920
27410
23842
25839
31870
3610
24796
24713
3479
1635
20364
32536
7757
2638
12255
28448
7021
10891
2710
9716
13897
24366
4930
30062
29603
27397
20043
10723
8653
2345
22583
17494
31247
6356
12841
9452
29001
15218
14248
14752
31705
6395
8610
1336
18623
15999
15025
4728
14335
19203
10396
10133
4167
24203
28449
19949
14290
32632
4082
500
29836
27156
27645
8050
30583
32364
18928
24044
14157
16478
9725
29023
24167
7666
11995
9013
20445
28654
5133
30577
2031
26788
2406
12845
23460
25871
9165
20806
23472
21534
29502
20054
24219
10320
32273
15586
30240
1921
383
6357
21460
11524
7010
22829
24840
12785
16700
6901
3567
12224
10363
30835
7172
28951
1019
24738
26534
9441
15053
739
29957
18336
31799
8943
17474
14084
21755
26896
12498
9148
10716
657
24612
21900
15199
9842
899
30112
5839
21089
28989
21280
6275
21478
22789
22020
25444
29150
6038
5162
29097
18986
28057
15525
8933
14248
7625
19801
27460
21602
13909
18117
2065
27654
2437
21023
23932
29335
6561
3494
24987
21345
31759
29492
14510
11314
30651
3346
26279
18631
25276
27921
14826
29317
820
6614
21329
26730
30583
26230
28531
4930
26992
26691
21798
18974
4417
32485
3394
15106
19242
8876
18344
19422
17580
27940
4483
1983
1262
4074
16590
27719
21599
11711
14615
11099
18333
18907
28034
13595
29078
16771
17424
7703
237
990
15905
13759
19615
31749
2616
24860
5094
24921
25343
3518
30045
25113
24459
20726
24933
23604
6368
1861
3016
6235
18616
2067
8349
15195
17792
16804
16492
25002
32676
20809
1938
6463
25612
27603
9446
11687
18407
10829
17308
31318
16807
3819
19562
14139
4940
22077
16874
29591
2534
26792
15424
13070
30293
23
18428
24831
9044
21998
11330
3601
27830
27968
23592
11278
23534
19777
5983
15349
28117
16382
32278
8778
26024
26955
7195
5553
20816
18941
12099
23483
8935
858
11533
18432
887
28366
19330
12654
17157
24032
4447
20960
2510
5731
12662
17394
11984
24305
13650
4884
22412
12181
15130
4574
17675
23240
19127
27300
29215
17055
1593
7753
26347
28226
14711
25944
26021
5024
3318
10064
21659
26977
24589
31808
2420
21788
3654
27796
22969
18891
9222
25391
5268
27260
18033
1466
18903
17737
21128
26427
575
14985
30612
18665
19707
25672
20680
23871
18024
4597
16930
16719
31775
11355
7314
8281
21041
5587
19806
13724
19889
23223
7365
8300
26739
17945
16355
16005
21012
11957
16852
159
16954
4133
2076
27970
16413
17492
30278
17884
839
28981
29900
529
20888
32437
24375
5458
32396
10478
7559
12977
28609
669
27861
755
19123
31702
6967
231
12234
16630
15076
28663
9880
1498
4249
8445
8027
4430
16699
31064
11722
7368
701
28734
24846
23639
21572
30291
23822
17110
393
31611
6383
22117
30079
1773
26331
10522
8247
5514
10498
18931
29696
12908
22495
16911
15826
32193
15805
29214
23789
5594
2937
25623
7613
5759
10889
25897
15361
8838
28733
31731
20524
11172
5701
3831
11275
27778
7284
20300
27305
18707
30660
15252
14192
2342
12953
20270
4240
8503
25162
12717
2213
32139
5597
31368
19348
892
8722
23826
27317
15633
28324
20653
13368
25297
10443
2363
6593
14297
32517
21462
27222
27693
18966
11201
25467
31052
18253
7070
23963
11527
18442
16097
6058
22162
31357
30596
26121
18908
12208
11261
18602
11548
17096
8557
11380
17580
1416
17946
23529
12571
22038
31
25350
21374
16898
21602
27242
19462
23172
31175
19899
18136
7685
11427
28998
2840
6881
22132
6885
71
12140
24015
21030
7632
2867
12953
2985
30941
21892
27258
9162
25711
7472
399
27776
22446
30095
4959
21125
3710
25797
8209
23992
6226
1860
12764
4287
18757
3218
30398
27632
16743
29005
8817
6002
32340
6764
11419
30879
11020
13767
16197
13997
8702
986
27022
29326
21862
28357
27296
13844
4569
4760
10468
24153
20254
6862
10610
1374
832
6423
7116
12018
11233
14683
19915
15574
465
30459
7129
28190
2784
14170
12641
28122
32240
28060
11652
13558
11598
11181
14
17247
27458
17541
4776
29799
7396
25515
4687
29291
28466
15864
27908
3507
25184
16286
22469
31385
8047
23401
28861
15086
19457
24388
20920
13977
20588
29182
9945
18305
17421
7758
7567
15534
29663
3861
16325
6315
14155
24804
3929
3886
1858
11454
30160
1530
2954
12319
23624
7429
4693
13884
32685
470
9752
9869
21808
4658
13722
23689
4853
4599
588
11441
12556
30792
18648
15055
30371
6122
22524
1408
26490
9966
2457
19184
9623
27025
20999
10981
6970
1120
22956
10751
275
14752
21709
31294
5299
5612
3491
11460
4929
20512
21682
12508
19566
24694
19286
17468
25002
4847
15519
14471
1433
6389
30814
12822
20416
24126
25728
17400
30853
9459
14491
3383
4438
11538
6087
15197
3368
27409
31919
5687
11555
4548
11240
30937
9627
29568
8321
23522
3907
32385
9947
21762
30877
22665
6586
12217
11189
24010
30109
865
31759
1798
13899
27246
12510
31477
12975
16117
24438
20199
27365
107
18948
15018
31893
18096
5757
17326
12672
26187
29140
9063
23640
10744
29552
27891
30677
17760
21725
13821
15365
25895
20930
18145
7652
43
17427
5648
27948
19979
20615
4791
1134
1767
14157
667
16226
20583
7419
30535
11132
31743
24519
7786
9919
31345
19705
29051
24790
10387
19104
2206
29281
22866
18820
5323
32397
16631
4957
17709
4839
9641
18754
7112
14706
31027
9828
30047
28918
16392
23292
18581
32668
27012
4994
24658
21432
32117
32
5480
26342
17114
28774
19319
22360
17387
22335
13582
11118
21337
19236
8978
29575
30422
22159
25444
15896
23256
11443
29374
4603
13210
5738
1502
25353
12132
11119
11751
13546
24077
11213
7172
24620
12734
3479
18510
11667
31992
4826
32752
15280
4569
31696
7816
25269
26267
10582
30417
2696
25437
17312
11904
10006
15654
14636
4459
20202
551
10740
8176
8190
15168
4840
23701
26321
18118
19867
7404
15289
20612
14397
25018
2683
2815
6601
31319
14361
3583
5759
30552
23275
32330
18581
12396
14577
25267
20778
24964
104
19027
30075
9015
28315
10263
7257
16996
22780
1915
16347
15129
19571
32404
10064
23219
14070
340
32119
19783
20314
31242
5875
6721
12137
19240
31993
21579
21556
7753
4172
113
30891
9330
22635
30850
32362
11160
21256
19641
22742
11619
22461
26780
11881
15154
25595
32549
9290
27487
25411
544
2081
11204
18328
10452
19497
7550
1588
18917
2439
24048
19578
3193
31962
24843
300
13466
12563
16589
26078
3804
19591
9736
27818
16191
13378
11877
5670
30550
31134
29608
27539
22441
17941
6198
26967
89
14676
31956
28078
5378
28048
945
32668
14309
5661
1191
550
16455
27709
22206
10177
12308
24118
4850
14859
11464
13479
29750
2489
32655
8731
30904
6864
24747
28895
10343
24857
4631
17169
9395
8398
3434
6394
26003
18330
18685
4510
18381
20929
22608
6544
20594
3994
27562
31755
18855
24390
29440
2623
7339
11932
26648
19689
3350
22883
1007
29734
14687
14276
25431
31113
1185
28926
24292
10347
19871
26204
6665
130
5893
19045
3455
9910
1265
14418
4326
22575
21425
24517
10159
5043
11215
6327
5433
27951
30538
29618
31802
16275
7207
6721
3425
12515
16424
5030
2362
15499
31196
16842
6481
14324
4824
10874
17562
1364
16195
24783
784
26826
28312
8942
13469
13226
6567
32754
32570
14870
12765
6695
22615
18126
5574
22905
15741
328
11984
8748
24626
31236
7250
25549
18717
20762
4044
5224
13930
11029
15985
27643
14704
26627
3042
29739
22417
20685
21053
16438
12898
11973
27478
24873
31500
382
24388
27219
13555
18144
23584
6649
2965
2427
23305
31307
16308
10524
5739
3735
28599
4510
13697
24765
16206
21507
20761
739
8789
21956
13720
22889
20219
2660
1597
16671
6947
27467
9642
26038
18698
8658
1952
23669
1834
6043
20490
22317
10079
24867
25405
879
20809
13978
19326
27132
13297
28402
6084
25213
31407
12598
6080
28533
2379
20509
6427
5747
17250
991
2559
2188
25355
30279
9432
12040
8891
21769
2396
28764
15974
24151
26313
16729
4071
7087
7021
22178
19106
16119
28012
2659
6760
21963
16574
19008
10651
18198
28279
8588
21138
20191
8523
13244
62
27750
23377
15131
526
30320
2311
24511
22289
18911
17815
31419
13403
18053
13400
6550
19113
3642
5016
22012
3912
14892
27801
21940
3122
31351
1241
1746
31611
21494
29846
27694
12779
28760
1682
3604
7405
13430
17684
25405
22439
4323
22575
17918
7019
16581
6470
18880
3918
27364
32720
1200
15126
22785
19289
8632
8538
14697
3785
20141
17636
7882
233
23242
7514
12868
13859
6493
16158
19395
10122
23744
14962
25741
11034
7563
30176
6167
16704
8712
2009
10013
23453
14823
21404
12529
263
25139
27993
5908
29392
25989
2454
16131
14155
19576
31699
9811
11661
12892
2153
32000
3697
21039
3512
14851
32479
24521
18561
24098
5965
342
14225
22796
1157
32009
25248
17573
9641
28431
2168
27295
19317
7106
30810
18506
31941
12832
6813
1197
25687
4731
27800
3285
19409
28017
29634
19053
18438
20255
27672
10383
31349
27282
13759
23258
3090
14718
17899
6853
17738
17459
7935
20274
26433
9676
5110
21063
10846
8362
23297
18809
1545
22305
13169
17385
9651
31856
8920
4852
12055
4599
3435
4357
15808
1188
11691
19118
14284
16047
12101
15864
24559
391
28982
9207
18619
7180
13106
30881
3358
20734
12871
13536
29228
437
30910
28389
22046
28947
25922
21696
4251
12984
11588
13613
10295
6772
24221
2737
314
16386
9333
15590
27042
27379
21348
3091
9835
31464
216
23296
26125
8196
10679
19209
15431
30625
11333
24176
2843
24898
6471
5368
32026
8137
8297
13999
29921
6891
7133
16651
5604
21728
32581
10808
19050
26719
11731
28337
27353
8905
31662
7438
27188
3749
24216
21532
11234
588
4559
26419
26289
1765
12592
7364
14618
11156
4002
15154
21191
6383
19634
22499
22354
30898
28027
7318
24144
1459
31945
30455
13454
22552
30334
26224
17050
16839
564
23619
15493
20254
16675
25046
32488
16357
13125
31053
15653
3200
30649
27742
25839
19305
27750
32097
23309
2782
28896
11943
30042
29399
20623
5133
22033
17211
6158
25297
3143
595
22993
13220
7609
28543
9739
11008
24008
3624
14798
31675
13762
23797
10612
30685
16995
3394
2623
9135
27292
20174
24380
32532
21394
947
19821
31004
21994
28828
23334
16855
22596
15666
16056
28263
13061
22743
77
9049
346
6039
29459
14646
890
7003
18845
3924
30251
23904
18822
242
903
27624
25175
12420
12544
12336
11178
7500
28322
20641
3728
14122
11160
842
7729
25781
5106
25742
25522
12170
23461
9754
8540
2789
15059
10779
20730
26734
32589
24237
24962
3925
22359
28054
30712
27040
14763
5172
14224
15300
3776
14260
21779
31347
32587
2437
31107
12982
3079
20492
14338
14395
21169
10138
6896
3568
9303
20379
3156
15569
20691
22544
7549
3325
19347
17215
29161
21776
3483
28584
20837
21421
22732
24124
9590
18266
16486
10442
26104
14481
6860
15546
14597
10771
16519
11773
18968
9088
15502
13892
7282
18981
20932
13424
23741
31765
31171
16458
30192
8571
16600
9845
28018
10286
9038
24737
19074
23942
20464
24064
3286
6767
29641
12286
30338
30139
29486
28461
11548
28861
13311
27774
30238
21011
23849
695
4747
8899
12143
7201
32214
394
23403
16513
5119
16496
30927
16202
25343
160
753
18961
11110
16503
32391
4929
21571
4059
11438
17680
22084
24270
28466
25778
25118
6722
16905
30156
17967
2863
28192
29227
22370
11236
22875
27062
24916
26523
6103
24225
25013
30799
8818
12772
4848
22226
22157
13292
2574
28954
8976
11664
27607
6875
1711
30022
32059
27740
17260
25751
4849
899
27485
16848
9310
23345
10928
29179
1464
11478
29420
1805
3435
4156
27513
32353
10428
19879
19299
17253
9132
5664
91
19092
10271
5646
18175
22692
14397
5638
6235
18944
10265
7652
4271
28280
23184
19995
13170
19767
17781
25417
12440
25846
235
6159
3857
15472
26129
22815
24722
22294
229
32662
25239
25091
22882
1421
12457
11570
22508
26858
27612
17647
18670
12412
31645
16267
17346
18248
19370
4948
30929
8733
11106
2244
11003
25455
12863
7417
22585
29026
19873
26725
21888
12836
23501
24007
25065
25216
30773
30042
29968
15024
23802
6220
19641
21875
32175
24689
32186
3424
16224
57
3093
17530
29138
26336
20068
18948
28173
29924
8314
21143
32280
21692
10567
13937
29188
19399
14332
27152
1579
6019
31856
25856
32442
11007
7874
27377
7277
24723
31297
27404
20122
29646
32648
27015
18033
22448
493
10103
20354
15641
29725
31974
4480
23938
22528
6438
8004
24043
26083
7524
30484
24084
11989
17792
22566
2032
15953
4893
4448
13143
32542
12020
11618
29179
26484
29805
8134
6045
12384
23408
22438
4737
7273
13432
23391
10271
4468
27370
20885
27163
2533
16806
7032
30583
8455
15835
25669
24072
16046
13343
18959
12326
9755
11199
959
8872
27679
3155
10330
18192
6276
18838
31618
13826
30376
373
25408
15867
22891
16486
27392
27199
22091
24571
30685
30227
15310
13239
4639
45
18209
30752
26626
4713
23806
14357
28090
20925
18898
7266
16051
27247
19744
22930
9245
3205
29728
12293
25768
3198
1965
12866
16780
31807
4446
17805
17613
20560
15346
4285
17597
25928
4849
19784
16578
31110
26000
11936
31577
28450
20693
21442
30043
27171
13565
30475
11904
7923
6683
20558
20257
25872
18433
23845
8002
25091
5475
900
28367
24726
12858
17044
21286
10306
29031
26046
24022
26855
21913
28165
12454
3776
25968
9626
4826
4757
2787
4522
27569
6706
479
13947
17970
32025
6704
25015
16936
372
20645
28424
5740
25933
879
15076
2146
2049
17867
14251
31942
18418
5857
22767
1449
26749
32747
18706
4534
5164
23961
7447
8378
20268
22708
31410
8548
28161
20995
25761
23625
25720
17771
8511
4138
221
26713
28503
9082
26479
1893
32054
3867
25105
26415
22020
26217
22594
11405
14676
8313
847
4073
4345
1698
12999
24548
31003
27709
13616
5951
3723
5034
14584
2556
30548
25748
14767
28096
22931
22389
19827
16764
13448
14940
26283
22604
20460
13038
24056
2976
13701
8618
22632
22681
26873
19058
24045
27830
20960
26183
13326
26031
3100
597
20701
18593
4717
20527
31273
29804
30528
19291
25844
4953
8136
22545
26919
20481
13648
16192
7557
20842
16592
11218
28638
17010
9406
3377
3461
26737
26918
778
12292
3354
3581
13905
8717
16290
22451
17285
4276
12581
18951
6709
31964
12357
17695
30147
24815
2068
30936
21352
24275
17972
8795
2424
2585
11324
18417
25575
8823
20574
26392
27149
21112
12615
18646
12710
18034
16711
28749
25373
12217
11442
22416
21258
2066
24454
28341
21753
10602
3661
4395
11117
3528
17989
25934
14628
19329
18623
23097
22429
8619
13765
14299
30424
10451
18943
30030
27229
31731
13272
18787
1919
28062
17372
10626
30946
7550
31844
10929
27451
512
17526
30962
30551
14926
16871
22738
27999
15486
7874
26431
25946
13320
15854
2970
14579
9342
8970
20493
19068
9335
4508
5151
15668
17613
10091
19845
709
30728
30249
19259
25105
3609
24661
11988
23342
6220
15712
4111
3247
18808
2319
32426
32294
9848
8736
22139
29671
6879
23600
6588
12302
17896
26844
17831
17603
5036
23591
21827
23484
30360
20507
26237
5892
21789
27572
13690
28411
32681
20729
25132
12703
17111
13932
13347
1801
27107
12196
20646
7994
17760
26937
5891
27928
2605
23520
5923
4788
7333
15063
22113
25294
7190
8580
22172
7067
17012
17497
5003
16070
27727
10490
27217
10932
23811
10658
8018
22796
4911
18371
30276
26231
16744
4588
4233
18340
16174
8432
1468
20368
1566
28741
27274
27396
3946
5546
14787
13663
9607
7180
21424
19093
32293
1451
1960
31352
12388
14713
23518
16694
23365
24514
1917
10531
4190
29202
21239
31161
22227
596
21145
22493
23169
32055
12132
15204
7036
27606
29208
24022
12732
30871
1169
1650
30995
15187
23894
22386
14690
4280
2416
144
7949
236
2168
31432
6060
31091
12020
12640
26372
24147
740
15398
2101
13942
18071
3833
12084
30543
9667
17034
32380
13249
14549
23140
17665
12860
21126
11306
22630
11817
19375
19488
24431
18568
16734
8941
8377
27607
31017
4256
10665
10038
24514
16624
24994
17610
21964
5320
23931
8031
16109
17667
1840
31569
1829
8820
28119
26284
4702
5929
20950
25746
19012
19696
16724
26589
15958
7451
22765
24838
2621
11649
31914
25414
30301
24261
7472
9466
1707
28635
23863
24396
27582
31431
11070
20752
2600
11944
9085
26860
3078
27382
19996
23228
12502
8200
3490
9268
20361
6361
20912
17607
16089
4619
25071
11464
6109
16940
21831
10192
1755
14137
2386
18015
7773
11616
11792
2758
24711
17162
14812
23876
29351
11801
22942
2927
12046
22126
12611
22229
2335
31151
106
22244
30629
15431
32608
12807
22890
19374
2127
29202
2053
30186
24754
30688
3315
23126
14092
21050
11497
6050
10458
31739
15721
6939
25798
17778
30868
29996
15645
27912
17215
22309
16003
11043
6472
7740
7910
13642
5162
4050
6320
31881
16336
10999
1601
11031
12711
13103
20892
9526
5623
22646
3168
4443
10099
8323
17403
11151
17679
30026
26138
26645
6673
31940
18787
10573
3179
7666
11879
3288
25928
22304
19666
5117
26597
18791
16613
11083
19106
7541
27943
21888
18009
9617
9303
32170
12270
24793
12196
13452
20519
17358
1313
23875
28094
27155
17011
3370
15797
5490
16332
8954
11754
7712
20254
22838
15851
14402
31624
22470
23051
12975
23829
2273
27830
4856
21669
13617
6657
12966
17451
11058
22917
16834
5913
30172
25198
21147
12057
26241
7631
21187
2302
30200
4921
5467
11770
16635
907
21136
17681
9166
9739
16486
22733
14625
15286
10421
9524
16440
27861
8304
503
11849
9425
17453
15596
28454
24648
7650
30910
6427
8544
6125
25572
6170
32348
8536
23503
5141
32365
26458
20584
5804
14538
18465
31673
13320
27138
25294
16874
15111
29585
26818
19824
12441
31154
5144
15233
6762
4981
26482
27851
23745
16657
6905
20069
12200
7291
23199
12038
28493
30776
14760
29813
19368
24687
32616
17728
7006
12866
12622
31409
21989
15710
32289
28414
30953
9169
28298
31680
23791
27677
32467
15526
15673
31114
1518
27243
30441
24256
3513
25093
17257
16020
128
11296
29193
12067
20419
6346
25834
21277
30778
17264
21788
7524
1815
4873
8707
29398
1163
2705
12287
7782
26507
32185
6731
19314
30420
32221
15398
31313
15149
4918
21809
9003
26348
5713
19737
31501
22203
15807
23157
3900
3996
13327
4338
10954
24107
18937
6829
14952
31523
6364
8416
8827
22820
10603
10177
15218
32692
29346
24999
26710
6019
17664
15727
31650
3059
30192
13342
24150
26071
24456
6599
11591
17275
2165
30128
16569
4582
2102
9648
21039
27483
31625
20699
13442
16166
7459
28002
21041
9877
22180
23988
26104
2884
24010
26857
8612
669
12773
4705
14117
672
3467
5288
30693
21472
8332
925
32344
25806
9768
22996
5589
25146
11136
30008
21668
14615
6731
18165
7256
25983
23498
14997
29790
13047
10238
6248
29399
20979
21784
26410
10147
26269
15153
4320
15806
29906
59
20227
18128
19821
24632
8672
25855
24777
17834
22335
18184
6785
17994
25667
10894
10874
22524
5777
22706
24356
20995
24756
20707
29948
3697
17857
5623
32598
16354
10294
20859
20057
20330
40
16712
30283
22220
15518
9047
23567
2797
21560
5079
27371
10888
18708
4476
22415
17698
9201
7193
5203
28225
10901
8561
23233
12505
21869
11339
28243
22279
18548
2500
31869
23041
21333
22761
15854
3662
15572
14469
15636
24626
23914
1848
26078
13421
19759
27081
17093
16677
10494
3005
2829
29472
13011
20009
26184
13110
20855
22724
2333
8198
13152
16704
3911
4073
6354
15579
14048
28452
2379
4145
24800
20066
30750
12628
31457
13665
7262
20510
13861
3563
32765
14534
12249
15112
2613
17586
28315
12402
2343
19852
22843
7753
32451
22168
2750
1288
13543
24645
10153
17848
23755
6658
6268
611
15772
26194
19836
25292
13927
25891
28597
4445
5945
30812
9024
1121
5509
30389
16066
26483
24517
203
7221
14646
5220
11380
26347
28999
8156
31311
2767
17008
17948
18848
10479
19743
23340
15963
13623
22038
28435
19839
8575
21859
28921
25509
14793
29075
3465
23001
5571
15139
19609
11432
17300
15415
12813
10618
4052
12430
26104
1571
3804
31158
10245
5812
19265
9084
4630
5527
15771
3239
28202
12763
29067
2022
9092
22476
31740
2310
32522
26567
9896
12904
23275
20300
29918
22195
27012
14421
25987
17094
10117
17126
5720
25585
14671
31974
11386
7780
14241
3117
9775
26599
12148
16094
31199
31436
22819
30199
9825
13602
19151
7718
6265
30764
10754
10975
2462
7186
8338
18347
15360
19413
6345
13251
14281
23944
1218
31709
28067
31422
13590
1606
25211
11583
697
9521
18565
9215
20510
9039
10625
17488
9634
32415
1596
23382
27943
17800
3929
955
4351
18981
23377
5029
525
8160
15801
9957
26918
5954
9156
6514
1981
11273
6664
1557
3008
6523
24453
7525
23229
2299
10723
26870
6217
3802
32507
20174
27554
26991
18329
26904
18579
13930
32640
1565
16280
4709
9903
25711
6467
22204
22499
32615
16606
27039
10333
32722
16978
21605
13541
9448
24392
5155
15
14718
32653
22654
1469
27004
187
9405
10213
2960
10518
1827
